249 186
229 203
225 219
226 238
237 250
257 258
274 243
271 221
253 223
317 221
307 229
305 248
317 262
334 252
334 236
368 224
358 235
356 253
365 262
379 256
381 239
413 229
403 231
396 244
403 256
416 253
422 256
422 244
423 227
425 214
423 202
466 195
466 223
465 242
465 257
476 259
491 260
498 260
522 235
525 245
525 256
536 260
547 255
552 242
553 231
584 237
572 243
571 251
579 261
592 264
616 187
616 202
616 215
616 228
616 245
617 257
616 267
628 246
638 251
648 260
650 266
638 246
646 240
651 231